1.000000 -0.000000
  0.999753  0.000018
  0.999013  0.000072
  0.997781  0.000161
  0.996057  0.000286
  0.993844  0.000446
  0.991144  0.000640
  0.987958  0.000868
  0.984292  0.001130
  0.980147  0.001424
  0.975528  0.001751
  0.970440  0.002108
  0.964888  0.002495
  0.958877  0.002911
  0.952414  0.003355
  0.945503  0.003825
  0.938153  0.004321
  0.930371  0.004842
  0.922164  0.005385
  0.913540  0.005950
  0.904508  0.006535
  0.895078  0.007140
  0.885257  0.007762
  0.875056  0.008400
  0.864484  0.009053
  0.853553  0.009719
  0.842274  0.010398
  0.830656  0.011087
  0.818712  0.011785
  0.806454  0.012490
  0.793893  0.013202
  0.781042  0.013919
  0.767913  0.014639
  0.754521  0.015361
  0.740877  0.016084
  0.726995  0.016805
  0.712890  0.017524
  0.698574  0.018239
  0.684062  0.018948
  0.669369  0.019650
  0.654508  0.020343
  0.639496  0.021026
  0.624345  0.021697
  0.609072  0.022354
  0.593691  0.022996
  0.578217  0.023621
  0.562667  0.024227
  0.547054  0.024813
  0.531395  0.025377
  0.515705  0.025917
  0.500000  0.026431
  0.484295  0.026917
  0.468605  0.027375
  0.452946  0.027801
  0.437333  0.028195
  0.421783  0.028554
  0.406309  0.028877
  0.390928  0.029163
  0.375655  0.029409
  0.360504  0.029615
  0.345492  0.029778
  0.330631  0.029898
  0.315938  0.029974
  0.301426  0.030003
  0.287110  0.029986
  0.273005  0.029921
  0.259123  0.029807
  0.245479  0.029644
  0.232087  0.029431
  0.218958  0.029169
  0.206107  0.028856
  0.193546  0.028493
  0.181288  0.028079
  0.169344  0.027616
  0.157726  0.027103
  0.146447  0.026541
  0.135516  0.025931
  0.124944  0.025273
  0.114743  0.024569
  0.104922  0.023819
  0.095492  0.023024
  0.086460  0.022187
  0.077836  0.021308
  0.069629  0.020388
  0.061847  0.019429
  0.054497  0.018433
  0.047586  0.017401
  0.041123  0.016335
  0.035112  0.015236
  0.029560  0.014106
  0.024472  0.012947
  0.019853  0.011759
  0.015708  0.010544
  0.012042  0.009304
  0.008856  0.008039
  0.006156  0.006752
  0.003943  0.005442
  0.002219  0.004111
  0.000987  0.002760
  0.000247  0.001390
  0.000000  0.000000
  0.000247 -0.001390
  0.000987 -0.002760
  0.002219 -0.004111
  0.003943 -0.005442
  0.006156 -0.006752
  0.008856 -0.008039
  0.012042 -0.009304
  0.015708 -0.010544
  0.019853 -0.011759
  0.024472 -0.012947
  0.029560 -0.014106
  0.035112 -0.015236
  0.041123 -0.016335
  0.047586 -0.017401
  0.054497 -0.018433
  0.061847 -0.019429
  0.069629 -0.020388
  0.077836 -0.021308
  0.086460 -0.022187
  0.095492 -0.023024
  0.104922 -0.023819
  0.114743 -0.024569
  0.124944 -0.025273
  0.135516 -0.025931
  0.146447 -0.026541
  0.157726 -0.027103
  0.169344 -0.027616
  0.181288 -0.028079
  0.193546 -0.028493
  0.206107 -0.028856
  0.218958 -0.029169
  0.232087 -0.029431
  0.245479 -0.029644
  0.259123 -0.029807
  0.273005 -0.029921
  0.287110 -0.029986
  0.301426 -0.030003
  0.315938 -0.029974
  0.330631 -0.029898
  0.345492 -0.029778
  0.360504 -0.029615
  0.375655 -0.029409
  0.390928 -0.029163
  0.406309 -0.028877
  0.421783 -0.028554
  0.437333 -0.028195
  0.452946 -0.027801
  0.468605 -0.027375
  0.484295 -0.026917
  0.500000 -0.026431
  0.515705 -0.025917
  0.531395 -0.025377
  0.547054 -0.024813
  0.562667 -0.024227
  0.578217 -0.023621
  0.593691 -0.022996
  0.609072 -0.022354
  0.624345 -0.021697
  0.639496 -0.021026
  0.654508 -0.020343
  0.669369 -0.019650
  0.684062 -0.018948
  0.698574 -0.018239
  0.712890 -0.017524
  0.726995 -0.016805
  0.740877 -0.016084
  0.754521 -0.015361
  0.767913 -0.014639
  0.781042 -0.013919
  0.793893 -0.013202
  0.806454 -0.012490
  0.818712 -0.011785
  0.830656 -0.011087
  0.842274 -0.010398
  0.853553 -0.009719
  0.864484 -0.009053
  0.875056 -0.008400
  0.885257 -0.007762
  0.895078 -0.007140
  0.904508 -0.006535
  0.913540 -0.005950
  0.922164 -0.005385
  0.930371 -0.004842
  0.938153 -0.004321
  0.945503 -0.003825
  0.952414 -0.003355
  0.958877 -0.002911
  0.964888 -0.002495
  0.970440 -0.002108
  0.975528 -0.001751
  0.980147 -0.001424
  0.984292 -0.001130
  0.987958 -0.000868
  0.991144 -0.000640
  0.993844 -0.000446
  0.996057 -0.000286
  0.997781 -0.000161
  0.999013 -0.000072
  0.999753 -0.000018
  1.000000  0.000000
